M1=100;
K1=50;
b=50;
M2=50;
K12=5000;