M1=100;
K1=50;
b=50;
M2=100;
K12=20;